((("~/.emacs.d/elpa/yasnippet-20190724.1204" .
   [0 0 0 0 0 0 0 0 0 0 0 0 0 0 0 0 0 0 0 0 0 0 0 0 0 0 0 0 0 0 0 0 0 0 0 0 0 0 1])
  ("expand-file-name" .
   [0 0 0 0 0 0 0 0 0 0 0 0 0 0 0 1])
  ("expt" .
   [0 0 0 1])
  ("org-babel-load-file" .
   [0 0 0 0 0 0 0 0 0 0 0 0 0 0 0 0 0 0 1])
  ("org-babel-lob-ingest" .
   [0 0 0 0 0 0 0 0 0 0 0 0 0 0 0 0 0 0 0 1])
  ("org" .
   [0 0 1])
  ("require-final-newline" .
   [0 0 0 0 0 0 0 0 1 0 0 0 0 0 0 0 0 0 0 0 0])
  ("tex-site" .
   [0 0 0 0 0 0 0 1])
  ("math" .
   [0 0 1 1])
  ("import" .
   [0 0 0 0 0 2])
  ("Import" .
   [0 0 0 0 0 1])
  ("operator" .
   [0 3 0 0 0 0 0 0])
  ("short" .
   [1 0 0 0 0])
  ("()" .
   [0 3])
  ("length" .
   [0 0 1 0 0 2])
  ("npos" .
   [1 0 0 0])
  ("string" .
   [0 0 0 0 0 1])
  ("std" .
   [1 0 1])
  ("struct" .
   [0 0 0 0 0 1])
  ("atol" .
   [1 0 0 0])
  ("app" .
   [2 0 1])
  ("copy" .
   [1 0 0 0])
  ("include" .
   [0 0 0 0 0 0 4])
  ("String" .
   [1 1 0 0 0 2])
  ("void" .
   [1 0 1 2])
  ("class" .
   [1 0 0 0 2])
  ("println" .
   [7 0 0 0 0 1 4])
  ("out" .
   [0 0 3])
  ("System" .
   [2 2 1 1 0 1])
  ("return" .
   [0 0 0 0 0 4])
  ("pragma" .
   [0 1 0 0 0 5])
  ("int" .
   [1 0 0])
  ("public" .
   [1 0 0 1 0 7])
  ("static" .
   [0 0 0 0 0 5])
  ("nil" .
   [1 0 0])
  ("using" .
   [0 0 0 0 2])
  ("namespace" .
   [0 0 0 0 0 0 0 0 2])
  ("printf" .
   [2 1 0 0 0 4])
  ("len" .
   [0 0 1])
  ("printf_s" .
   [0 0 0 0 0 0 0 1])
  ("long" .
   [2 0 0 0])
  ("auto" .
   [0 1 0 0])
  ("stdio" .
   [0 0 0 1 0])
  ("hello" .
   [0 0 1 0 0])
  ("main" .
   [0 0 1 0])
  ("add-to-list" .
   [0 0 0 0 0 0 0 0 0 0 1])
  ("load-path" .
   [0 0 0 0 0 0 0 0 1])
  ("id" .
   [0 1])
  ("importlib" .
   [0 0 0 0 0 0 0 0 1])
  ("set" .
   [1 0 0])
  ("get_label_by_id" .
   [0 0 0 0 0 0 0 0 0 0 0 0 0 0 2])
  ("__bool__" .
   [0 0 0 0 0 0 0 1])
  ("venn2" .
   [0 0 0 0 1])
  ("subsets" .
   [0 0 0 0 0 0 1])
  ("set_text" .
   [0 0 0 0 0 0 0 3])
  ("set_labels" .
   [0 0 0 0 0 0 0 0 0 2])
  ("range" .
   [0 0 0 0 1])
  ("show" .
   [0 0 0 1])
  ("savefig" .
   [0 0 0 0 0 0 1])))
